bezier
245 474 218 472 200 467 174 460
bezier
174 460 150 450 133 440 116 428
bezier
116 428 93 413 82 391 66 366
bezier
66 366 63 336 59 304 60 279
bezier
60 279 60 263 59 239 64 228
#bezier
#64 228 69 213 78 191 77 179
#bezier
#77 179 74 164 64 150 53 142
#bezier
#53 142 41 149 33 157 29 162
#bezier
#29 162 28 154 29 141 35 133
#bezier
#35 133 44 125 56 120 63 118
bezier
63 118 81 121 76 104 70 92
bezier
70 92 60 83 48 70 31 63
bezier
31 63 17 52 10 46 2 29
bezier
259 473 277 468 292 465 310 458
bezier
310 458 327 451 343 447 363 431
bezier
363 431 378 415 394 389 402 372
bezier
402 372 419 337 429 316 435 292
bezier
435 292 437 271 438 261 435 269
bezier
435 269 432 278 432 263 431 251
bezier
431 251 426 239 423 227 417 217
bezier
417 217 409 207 403 196 401 190
bezier
401 190 395 176 391 168 387 153
bezier
387 153 385 146 382 126 387 116
bezier
387 116 394 101 403 87 408 77
bezier
408 77 409 63 406 51 400 36
bezier
400 36 392 26 385 18 379 9
bezier
379 9 376 5 374 2 373 0
bezier
329 1 330 7 335 14 342 18
bezier
342 18 352 23 360 30 364 43
bezier
364 43 363 57 362 65 357 78
bezier
357 78 349 97 346 103 357 110
bezier
357 110 366 119 368 124 372 143
bezier
372 143 373 158 372 173 370 186
bezier
370 186 369 195 370 197 373 201
bezier
373 201 372 204 369 212 371 218
bezier
371 218 373 228 375 235 379 244
bezier
379 244 383 252 385 256 382 270
bezier
382 270 376 283 371 294 367 305
bezier
367 305 363 318 351 335 338 346
bezier
338 346 332 350 329 351 330 345
bezier
330 345 331 334 331 323 331 309
bezier
331 309 330 301 327 292 323 283
bezier
323 283 323 281 321 294 319 304
bezier
319 304 316 324 314 338 308 359
bezier
308 359 301 369 292 383 279 398
bezier
279 398 274 407 263 416 257 422
bezier
294 373 283 374 267 376 250 383
bezier
250 383 236 395 228 404 225 408
bezier
226 424 226 419 225 409 223 400
bezier
223 400 221 390 219 382 214 373
bezier
214 373 209 362 206 354 198 347
bezier
198 347 192 339 184 331 176 321
bezier
197 391 193 374 187 360 179 341
bezier
179 341 175 324 170 299 162 278
bezier
162 278 161 261 158 245 159 227
bezier
159 227 162 211 166 203 173 194
bezier
173 194 166 198 158 208 154 220
bezier
154 220 149 234 146 245 144 263
bezier
144 263 143 276 143 293 144 312
bezier
144 312 145 331 146 349 150 361
bezier
119 342 119 329 117 318 114 306
bezier
114 306 111 294 105 284 100 274
bezier
100 274 95 266 89 250 86 240
bezier
86 240 83 232 81 225 68 223
bezier
86 229 99 238 105 245 107 249
bezier
116 278 111 262 114 252 111 239
bezier
111 239 109 225 107 207 108 187
bezier
108 187 112 166 119 144 128 127
bezier
128 127 144 111 164 95 175 86
bezier
175 86 185 82 198 78 210 74
bezier
210 74 222 71 231 68 237 68
bezier
237 68 247 71 242 81 234 89
bezier
234 89 225 97 210 109 198 121
bezier
198 121 189 131 177 149 171 159
bezier
171 159 161 185 152 214 150 220
bezier
140 294 136 275 135 263 134 242
bezier
134 242 135 222 138 206 145 188
bezier
145 188 151 173 166 155 173 146
bezier
173 146 189 129 191 124 198 119
bezier
240 86 260 83 289 83 303 88
bezier
303 88 325 92 337 96 345 103
bezier
210 53 228 61 242 67 253 72
bezier
253 72 269 71 279 67 289 64
bezier
289 64 299 55 306 43 313 29
bezier
313 29 317 17 318 4 317 0
bezier
326 89 332 79 331 68 328 54
bezier
328 54 323 43 318 36 314 30
bezier
255 82 253 77 252 73 248 71
bezier
200 70 211 65 221 61 216 57
bezier
216 57 210 54 205 60 200 69
bezier
255 126 246 126 242 123 240 117
bezier
240 117 244 108 253 106 258 108
bezier
258 108 266 110 270 107 274 106
bezier
274 106 281 108 286 107 293 106
bezier
293 106 298 108 301 110 311 112
bezier
311 112 313 113 313 120 309 123
bezier
309 123 305 129 301 130 293 128
bezier
293 128 290 128 286 132 282 133
bezier
282 133 281 133 276 130 274 127
bezier
274 127 270 125 263 129 261 131
bezier
261 131 256 129 255 125 250 125
bezier
209 52 213 44 214 34 215 23
bezier
215 23 216 11 215 4 213 -1
bezier
175 58 180 43 185 33 187 21
bezier
187 21 189 7 189 3 189 -1
bezier
176 52 177 44 178 36 175 27
bezier
175 27 173 15 171 8 166 -1
bezier
140 10 137 5 136 2 135 0
bezier
111 30 104 21 103 14 101 6
bezier
101 18 98 13 96 9 96 3
bezier
83 10 79 6 75 2 72 0
bezier
40 37 32 31 27 23 24 16
bezier
24 16 20 10 19 6 16 3
bezier
67 221 69 214 73 205 76 197
bezier
76 197 77 186 76 174 76 166
bezier
76 166 71 156 65 147 59 143
bezier
59 143 49 141 41 144 34 149
bezier
34 149 32 154 29 158 30 152
bezier
30 152 32 146 35 140 39 135
bezier
39 135 44 129 49 123 54 121
bezier
54 121 62 118 70 117 80 120
bezier
233 473 247 474 255 474 264 471
bezier
199 318 206 314 226 313 242 316
bezier
242 316 248 320 254 321 257 325
bezier
257 325 263 328 269 331 273 331
bezier
273 331 273 337 273 347 274 351
bezier
318 332 326 326 335 315 346 306
bezier
346 306 354 303 363 300 373 300
bezier
178 271 192 280 209 285 226 286
bezier
226 286 242 281 253 278 255 273
bezier
255 273 256 265 259 257 247 271
bezier
247 271 226 278 212 280 197 277
bezier
197 277 192 274 183 269 179 265
bezier
179 265 173 261 175 265 178 270
bezier
243 292 249 288 253 285 258 281
bezier
341 274 337 273 332 269 327 265
bezier
328 262 339 264 350 265 359 265
bezier
359 265 369 261 375 256 378 250
bezier
378 250 373 253 366 257 358 258
bezier
358 258 351 258 337 256 330 251
bezier
330 251 322 246 327 253 328 260
bezier
179 262 179 250 179 240 179 223
bezier
179 223 182 222 190 223 196 222
bezier
196 222 200 215 209 214 217 215
bezier
217 215 225 217 233 217 239 216
bezier
239 216 241 213 245 218 247 228
bezier
247 228 248 237 251 244 252 253
bezier
252 253 253 257 254 260 255 262
bezier
209 261 213 266 220 268 230 268
bezier
230 268 233 261 238 257 240 249
bezier
240 249 238 241 235 235 234 227
bezier
234 227 231 221 224 219 216 221
bezier
216 221 209 222 203 221 198 224
bezier
198 224 197 229 198 235 196 242
bezier
196 242 194 249 197 254 202 257
bezier
203 257 205 257 207 258 209 261
bezier
332 244 336 248 340 248 345 246
bezier
345 246 348 243 352 242 355 241
bezier
355 241 355 236 355 232 354 228
bezier
354 228 354 225 355 219 353 215
bezier
353 215 351 212 346 210 342 210
bezier
342 210 339 210 334 208 329 210
bezier
329 210 325 215 323 218 322 221
bezier
322 221 324 224 323 229 323 233
bezier
323 233 323 237 326 240 331 242
bezier
321 244 318 235 318 227 317 216
bezier
317 216 322 208 330 200 344 198
bezier
322 208 328 201 335 199 339 199
bezier
339 199 342 202 345 203 350 206
bezier
350 206 356 208 361 207 365 208
bezier
365 208 368 207 369 204 371 202
bezier
339 198 341 194 345 191 353 189
bezier
353 189 358 193 364 195 369 197
bezier
243 212 243 206 238 206 225 206
bezier
225 206 220 203 215 201 207 206
bezier
207 206 200 204 196 201 190 198
bezier
190 198 180 197 174 201 173 210
bezier
173 210 176 215 178 220 183 223
bezier
176 204 180 208 186 207 188 206
bezier
188 206 189 201 185 199 180 197
bezier
179 219 179 215 184 213 188 216
bezier
188 216 187 219 183 221 180 218
bezier
352 194 349 197 351 199 356 198
bezier
358 204 358 201 350 200 347 202
bezier
347 202 350 205 355 206 359 204
bezier
193 174 192 163 193 152 198 149
bezier
198 149 205 156 204 165 202 175
bezier
201 174 199 173 198 169 203 167
bezier
211 178 212 172 216 169 218 172
bezier
218 172 218 174 218 177 218 177
bezier
355 144 354 135 355 130 357 125
bezier
357 125 363 127 365 134 364 139
bezier
302 456 297 446 295 435 293 419
bezier
293 419 299 409 310 414 312 425
bezier
312 425 312 434 310 443 304 455
bezier
176 436 170 429 172 417 176 409
bezier
176 409 183 410 184 421 178 435
bezier
138 416 132 406 129 391 127 381
bezier
127 381 129 372 137 368 144 368
bezier
144 368 146 378 145 390 143 401
bezier
143 401 140 409 139 414 139 415
bezier
90 303 82 296 81 284 82 272
bezier
82 272 86 269 95 276 95 286
bezier
95 286 93 294 93 298 90 303
bezier
350 397 349 406 353 408 358 403
bezier
358 403 361 397 363 393 368 393
bezier
368 393 373 388 374 383 372 381
bezier
372 381 369 381 374 376 374 370
bezier
374 370 373 368 367 367 363 371
bezier
363 371 363 372 362 365 359 362
bezier
359 362 354 363 351 369 351 375
bezier
351 375 353 377 348 377 344 381
bezier
344 381 340 386 340 391 343 393
bezier
343 393 347 392 351 390 349 395
bezier
388 362 395 345 399 329 403 316
bezier
403 316 405 305 409 291 408 283
bezier
408 283 414 297 413 309 410 321
bezier
410 321 408 334 405 345 403 359
bezier
403 359 397 371 397 371 397 371
bezier
406 345 410 336 415 325 419 315
bezier
419 315 421 308 427 298 432 287
bezier
432 287 434 282 434 275 435 270
bezier
388 253 390 242 391 232 390 218
bezier
390 218 388 206 397 217 404 231
bezier
404 231 408 243 410 254 411 264
bezier
411 264 411 274 412 281 411 289
bezier
376 250 374 244 373 238 371 232
bezier
371 232 369 223 367 217 366 210
bezier
352 389 355 381 362 378 366 382
bezier
366 382 363 389 359 393 353 390
bezier
246 110 250 117 261 121 275 123
bezier
275 123 292 124 304 121 312 118
bezier
340 248 339 247 339 247 338 247
bezier
338 247 337 246 336 245 335 244
bezier
335 244 334 243 334 243 337 245
bezier
337 245 339 246 340 247 341 247
bezier
341 247 342 245 344 244 343 244
bezier
343 244 341 245 339 244 338 243
bezier
338 243 337 242 340 242 343 243
bezier
343 243 345 243 345 242 341 243
bezier
341 243 342 243 345 242 347 241
bezier
347 241 348 241 350 241 352 240
bezier
352 240 352 240 354 239 354 237
bezier
354 237 354 235 354 233 352 231
bezier
352 231 352 228 352 226 352 223
bezier
352 223 352 221 351 219 350 216
bezier
350 216 350 214 350 215 352 217
bezier
352 217 350 216 348 214 346 213
bezier
346 213 344 213 341 212 339 212
bezier
339 212 336 212 334 211 332 212
bezier
332 212 329 214 328 216 327 218
bezier
327 218 326 221 326 224 326 227
bezier
326 227 325 230 324 233 324 234
bezier
324 234 325 236 326 238 328 239
bezier
328 239 332 240 333 240 332 239
bezier
332 239 331 239 330 238 329 236
bezier
329 236 328 235 327 235 326 233
bezier
326 233 326 232 327 229 328 226
bezier
328 226 329 223 329 221 329 219
bezier
329 219 330 217 331 215 333 214
bezier
333 214 335 214 340 213 340 214
bezier
340 214 344 213 348 214 349 215
bezier
349 215 349 217 349 220 349 222
bezier
349 222 349 224 349 226 349 228
bezier
349 228 352 232 352 233 352 234
bezier
352 234 351 236 349 237 347 239
bezier
347 239 343 241 343 241 339 241
bezier
339 241 337 240 333 237 331 235
bezier
331 235 330 233 330 230 331 228
bezier
331 228 331 224 331 223 332 220
bezier
332 220 334 218 335 217 338 217
bezier
338 217 340 217 342 215 343 215
bezier
343 215 345 215 345 216 346 217
bezier
346 217 347 220 347 222 347 225
bezier
347 225 347 228 349 230 349 231
bezier
349 231 349 232 348 234 347 235
bezier
347 235 344 236 342 237 341 237
bezier
341 237 339 237 336 236 334 233
bezier
334 233 333 232 334 230 334 227
bezier
334 227 335 223 336 221 338 221
bezier
338 221 341 220 343 219 344 221
bezier
344 221 344 223 344 225 344 228
bezier
344 228 345 230 344 231 343 233
bezier
343 233 340 233 338 232 338 229
bezier
338 229 338 226 339 224 341 223
bezier
341 223 342 225 342 228 341 230
bezier
214 263 212 261 210 259 208 258
bezier
208 258 205 257 200 255 199 254
bezier
199 254 198 250 198 248 198 246
bezier
198 246 199 244 200 240 199 237
bezier
199 237 199 233 199 231 198 226
bezier
198 226 200 225 202 224 204 224
bezier
204 224 207 224 208 224 211 225
bezier
211 225 212 225 214 224 217 224
bezier
217 224 219 223 220 222 223 222
bezier
223 222 225 222 227 223 229 224
bezier
229 224 230 227 231 228 232 230
bezier
232 230 231 232 232 234 232 235
bezier
232 235 233 237 235 238 236 240
bezier
236 240 237 241 237 244 238 246
bezier
238 246 238 247 237 249 236 251
bezier
236 251 235 253 234 255 233 257
bezier
233 257 232 259 230 261 228 264
bezier
228 264 226 264 222 265 218 265
bezier
218 265 217 265 216 264 213 262
bezier
213 262 211 259 207 257 203 255
bezier
203 255 202 254 200 252 200 250
bezier
200 250 201 247 201 244 201 242
bezier
201 242 201 240 201 233 200 232
bezier
200 232 200 230 200 228 202 228
bezier
202 228 204 227 207 227 209 227
bezier
209 227 211 227 214 227 217 226
bezier
217 226 220 225 223 225 225 225
bezier
225 225 226 227 228 228 228 229
bezier
228 229 229 231 230 233 230 236
bezier
230 236 231 238 234 240 235 241
bezier
235 241 234 243 234 246 236 247
bezier
236 247 236 245 235 251 234 252
bezier
234 252 233 254 230 259 229 260
bezier
229 260 226 262 223 263 219 263
bezier
219 263 216 262 214 260 211 257
bezier
211 257 208 256 204 253 203 252
bezier
203 252 202 249 202 245 202 237
bezier
202 237 202 233 203 232 207 231
bezier
207 231 213 229 215 229 220 229
bezier
220 229 224 228 225 229 226 231
bezier
226 231 227 233 229 236 230 238
bezier
230 238 231 240 232 243 232 245
bezier
232 245 233 248 232 251 231 254
bezier
231 254 230 256 227 259 225 260
bezier
225 260 220 260 217 260 215 259
bezier
215 259 212 256 208 254 207 253
bezier
207 253 205 251 203 248 202 245
bezier
202 245 204 241 205 238 207 235
bezier
207 235 211 232 211 232 212 232
bezier
212 232 219 231 222 231 223 233
bezier
223 233 224 234 227 236 228 239
bezier
228 239 229 241 229 244 230 248
bezier
230 248 229 250 227 254 225 256
bezier
225 256 222 258 218 257 215 255
bezier
215 255 210 252 207 249 206 244
bezier
206 244 208 240 211 238 216 236
bezier
216 236 218 236 219 236 222 238
bezier
222 238 224 239 225 241 226 243
bezier
226 243 226 245 226 249 225 252
bezier
225 252 221 253 217 253 213 252
bezier
213 252 209 248 209 244 213 241
bezier
213 241 217 240 220 240 222 242
bezier
222 242 222 245 222 250 219 250
bezier
219 250 214 248 212 245 215 243
bezier
215 243 218 243 219 245 218 247
bezier
218 247 215 246 216 243 218 244
bezier
9 494 12 488 15 481 19 477
bezier
15 498 19 493 22 487 26 484
bezier
29 458 31 465 34 473 35 479
bezier
35 479 39 486 43 485 44 480
bezier
44 480 46 475 47 468 48 460
bezier
48 460 49 456 49 456 49 456
bezier
34 474 38 473 40 472 46 471
bezier
55 455 55 463 55 470 55 477
bezier
55 477 55 483 57 482 58 479
bezier
58 479 60 474 61 467 63 464
bezier
63 464 65 459 66 457 68 463
bezier
68 463 68 466 68 474 68 478
bezier
68 478 68 481 68 483 68 483
bezier
73 484 76 484 82 484 86 485
bezier
80 482 80 477 80 474 81 469
bezier
81 469 80 464 80 461 77 460
bezier
71 459 75 459 78 460 82 460
bezier
82 460 86 460 89 460 90 460
bezier
98 486 97 476 99 469 99 462
bezier
99 461 99 467 99 473 98 476
bezier
98 476 97 483 97 484 100 482
bezier
100 482 102 478 103 475 104 470
bezier
104 470 105 466 106 462 108 469
bezier
108 469 109 473 111 478 112 483
bezier
112 483 114 486 115 485 115 480
bezier
115 480 114 475 115 469 114 464
bezier
131 486 128 486 125 486 123 485
bezier
123 485 121 483 122 479 122 474
bezier
122 474 122 470 122 466 123 464
bezier
123 464 125 464 128 463 131 463
bezier
131 463 134 463 134 463 134 463
bezier
123 474 127 474 130 474 134 474
bezier
142 496 140 493 137 491 135 486
bezier
146 494 144 491 143 490 141 487
bezier
83 447 87 447 92 447 97 447
bezier
103 454 108 453 111 453 115 453
bezier
109 452 109 447 108 441 106 437
bezier
106 437 102 437 100 439 99 441
bezier
115 438 116 443 117 448 119 453
bezier
119 453 121 450 122 444 122 440
bezier
117 445 119 445 120 445 122 445
bezier
126 454 127 451 129 448 130 446
bezier
130 446 130 443 130 439 130 437
bezier
131 447 134 450 136 452 138 454
display
save
wee.png